name,count
Astrid,18
Elin,16
Freya,11
Ingrid,7
Lykke,6
Lila,6
Liva,6
Anja,3
Linnea,3
Eira,2
Lars,2
Nils,2
Solveig,2
Mira,1
Lille Fr,1
ya,1
Signe,1
Frida,1
Aksel,1
Emil,1
Sigrid,1
Ella,1
Liv,1
Leif,1
Finn,1
Lise,1
Anya,1
Laila,1
Maja,1
Kaja,1
